Bodzak Henryk,176:00.0,172:30.0,0.0,0.0,0.0,0.0,0.0,0.0,0.0,0.0,0.0,0.0,41
Burdzanowski Tomasz,107:15.0,90:00.0,0.0,0.0,0.0,0.0,0.0,0.0,0.0,0.0,0.0,0.0,29
Chyliński Tomasz,176:00.0,126:30.0,168:00.5,168:00.10,0.0,0.0,0.0,0.0,0.0,0.0,0.0,0.0,48
Ciężkal Dariusz,89:30.0,166:00.0,0.0,0.0,0.0,0.0,0.0,0.0,0.0,0.0,0.0,0.0,35
Drewniak Michał,176:00.1,152:00.0,0.0,0.0,0.0,0.0,0.0,0.0,0.0,0.0,0.0,0.0,26
Graboś Andrzej,176:00.0,0:00.0,0.0,0.0,0.0,0.0,0.0,0.0,0.0,0.0,0.0,0.0,57
Grzegorczyk Gracjan,89:00.0,96:00.11,0.0,0.0,0.0,0.0,0.0,0.0,0.0,0.0,0.0,0.0,19
Kiciński Leszek,105:00.3,86:30.0,0.0,0.0,0.0,0.0,0.0,0.0,0.0,0.0,0.0,0.0,26
Kisiel Marcin,97:00.0,156:30.0,0.0,0.0,0.0,0.0,0.0,0.0,0.0,0.0,0.0,0.0,35
Klosse Robert,172:30.13,187:30.0,0.0,0.0,0.0,0.0,0.0,0.0,0.0,0.0,0.0,0.0,26
Krawczyk Marek,92:30.0,124:30.0,0.0,0.0,0.0,0.0,0.0,0.0,0.0,0.0,0.0,0.0,41
Maruszak Hipolit,0:00.0,124:30.0,0.0,0.0,0.0,0.0,0.0,0.0,0.0,0.0,0.0,0.0,45
Matys Konrad,120:00.0,160:00.0,168:00.0,0.0,0.0,0.0,0.0,0.0,0.0,0.0,0.0,0.0,26
Michalak Albert,0.0,160:00.1,168:00.0,0.0,0.0,0.0,0.0,0.0,0.0,0.0,0.0,0.0,25
Pałka Michał,24:00.0,73:15.0,0.0,0.0,0.0,0.0,0.0,0.0,0.0,0.0,0.0,0.0,28
Pisklak Andrzej,16:00.0,94:40.0,0.0,0.0,0.0,0.0,0.0,0.0,0.0,0.0,0.0,0.0,39
Ptasiński Krzysztof,0.0,160:00.0,0.0,0.0,0.0,0.0,0.0,0.0,0.0,0.0,0.0,0.0,27
Rękas Waldemar,85:00.0,64:00.5,0.0,0.0,0.0,0.0,0.0,0.0,0.0,0.0,0.0,0.0,25
Salasa Piotr,176:00.0,160:00.3,0.0,0.0,0.0,0.0,0.0,0.0,0.0,0.0,0.0,0.0,23
Socha Zbigniew,176:00.1,160:00.0,0.0,0.0,0.0,0.0,0.0,0.0,0.0,0.0,0.0,0.0,31
Uściłowski Krzysztof,111:00.0,93:30.0,0.0,0.0,0.0,0.0,0.0,0.0,0.0,0.0,0.0,0.0,57
Dudziak Andrzej,176:00.3,160:00.0,0.0,0.0,0.0,0.0,184:00.1,0.0,0.0,0.0,0.0,0.0,22
Balwisz Krzysztof,175:45.0,97:00.2,168:00.0,152:00.0,169:00.0,0.0,0.0,0.0,0.0,0.0,0.0,0.0,40
Sierant Patryk,81:00.0,112:00.0,0.0,0.0,0.0,0.0,0.0,0.0,0.0,0.0,0.0,0.0,39
